0.10818662186463673
0.1591645910590887
0.16679127084712186
0.18323991465071837
0.11449522982041041
0.1252756511916717
0.13551110461354254
0.1887741302450498
0.40926423085232577
0.3667698062956333
0.18469577603042125
0.11673510141670704
0.1658893417318662
0.12099582227567832
0.14716107241809367
0.11065399738649527
0.10930100855727991
0.1716234830270211
0.14441535385946433
0.1182364842047294
0.11822316686312358
0.14257522583007812
0.11071176978449027
0.12324197185536226
0.1661869315803051
0.13470450075964133
0.13520449474453927
0.13038067430257796
0.13967376845578353
0.17449230154355366
0.11406832051773866
0.1504385994374752
0.13018951045970123
0.20354623824357987
0.16755020879209043
0.16625235172609487
0.15877434030175208
0.11019709986944994
0.13516943410038948
0.1272019822150469
0.18063763606051603
0.12452673484881718
0.1456918671975533
0.11692522063851357
0.12455567109088103
0.14389884486794471
0.11146243219574292
0.11792129434645177
0.15078108529249826
0.14677823153634867
0.13244855729242166
0.1238053974757592
0.20518171002467472
0.12190507292747498
0.16887948371469974
0.11962464382251103
0.11021990306675435
0.1683269838988781
0.14074444236854713
0.15113746816913287
0.1376199669142564
0.15028131939470768
0.13246340816219648
0.1451418980707725
0.11374712087213994
0.12568291676541168
0.17027417237559955
0.2029894932359457
0.11267094048360983
0.11320245862007142
0.12091699180503686
0.11700688836475213
0.13051698570450146
0.12967921699086826
0.12036575548350811
0.11555354729294777
0.11454249650239945
0.12490909064809481
0.16984060098727544
0.11272874332964421
0.11448697052896023
0.11507722335557143
0.13529481338957947
0.12741272707780202
0.1261005055407683
0.10970025293529034
0.10846936089297135
0.12035294522841772
0.12910142933328947
0.13901427201926708
0.12452469517787297
0.10781956166028976
0.12677034673591456
0.11982578776776791
0.13243785984814166
0.14048952534794806
0.10965341289838156
0.10874159241716067
0.10989454795916875
0.10865173106392224
0.10828567792971928
0.12548396887878577
0.1253372234851122
0.1154232580959797
0.14591242715716363
0.1285357135782639
0.11964570976793766
0.12360755999883016
0.11707821185390155
0.11174355005224546
0.5778326824804147
0.7117605410019556
0.13055528119206428
0.14767563047508397
0.14819052048027515
0.1868457030504942
0.11530259723464648
0.1836700729529063
0.13677524002889793
0.11633338282505672
0.13149836152791977
0.12960926006237666
0.12219879349072774
0.25511943322916825
0.14813549342254798
0.11957204873363177
0.11563216974337896
0.12594935417175293
0.12886482812464237
0.14804655705889067
0.12828500206271806
0.1752457472185294
0.14360815919935704
0.11229487627744675
0.14117819197475912
0.11542478861908118
0.12860027017692724
0.11255928782125314
0.12138113687435786
0.11853649549186229
0.11511697178085645
0.12363092347979546
0.14593647830188275
0.12504157202939192
0.1232171351959308
0.12619665374358496
0.1661776130149762
0.15890632547438144
0.1121416832258304
0.12071680821478367
0.20377137713134288
0.11713684466977914
0.11651094575723012
0.11360115597645441
0.11796224688490232
0.12986885018646718
0.15679296138385931
0.12242244963844617
0.1240022915850083
0.12504160352051258
0.1192529399941365
0.2244151263932387
0.2267327792942524
0.28549722768366337
0.3143030148247878
0.2561456014464299
0.13665442734956743
0.15737121266623338
0.11002705519398054
0.11954297753671805
0.16663628689944743
0.21572043016552925
0.116865756213665
0.12536778325835865
0.1735881680001815
0.11575224998096625
0.11178824511667093
0.11405794223149618
0.12372193003694217
0.11120817919572194
0.12626536185542742
0.14585892704625925
0.17695227081576984
0.12687369709213575
0.11438860096037388
0.11979082902272542
0.16931635533769926
0.15475330422321956
0.12143643160661062
0.11182669878005981
0.12910769174496334
0.11308674551546574
0.11644970938563347
0.1320963701357444
0.1226120924949646
0.1509432586034139
0.12572464729348817
0.15473869599401952
0.12826305739581584
0.11327191658318042
0.10877588624755541
0.13567289595802626
0.12668387427926064
0.15362691059708594
0.12590931649009388
0.11632449420789878
0.14906015316645305
0.11960811108350754
0.12152512557804585
0.12509002474447092
0.12164613423248131
0.11502635329961777
0.17790033114453158
0.14354644246399403
0.15468771946926912
0.12525995728870232
0.16773917863766352
0.1829114459703366
0.13341127951939902
0.11538687780499458
0.11877815698583921
0.11191883454720179
0.10979026372234027
0.1372477046151956
0.14549572989344597
0.12877496756613255
0.12758462963004907
0.1162920498351256
0.12373518546422323
0.1288411539296309
0.10983871032794316
0.11777157152692477
0.14001867823302747
0.14042198372383913
0.1381182646503051
0.14059352286159993
0.213170428276062
0.118761886532108
0.15189882546663283
0.116319445297122
0.12769961518545944
0.11784784304598968
0.11652199963728586
0.11707986491421858
0.11035497392217318
0.11149601625899473
0.24610635096828143
0.147797051842014
0.1086149209489425
0.12733831696212292
0.138352039133509
0.11635313476125399
0.12208269079526265
0.15561697584887346
0.13676688949267068
0.14360564519961674
0.18026195670167605
0.13548895629743735
0.14601099096238612
0.14631956964731216
0.17252628408372403
0.15507010124623777
0.17258469300965468
0.11426386204858621
0.1152649012953043
0.10826826858023803
0.12482137608031432
0.10810768117507298
0.14379772841930388
0.15236522721747559
0.10873812856773535
0.12783160609503588
0.10838234663009644
0.11086821431914966
0.11192998717228572
0.11247065727909406
0.14708406701684
0.134870390817523
0.12222176194190978
0.11278242593010267
0.11709269694983959
0.11619436052938302
0.16409427498777707
0.13168721966445446
0.13836580065389475
0.16721698619425296
0.1947216635197401
0.15940397364397843
0.14052606448531152
0.12301855343083541
0.16571649752557277
0.1082034543901682
0.13899524363378685
0.129363867243131
0.2560426501184702
0.1599607426424821
0.12310580809911092
0.159263941620787
0.11744351513683796
0.10829263975222905
0.10787475834290186
0.139673862606287
0.13169702765842278
0.1160009145239989
0.14293430025378864
0.13621940506001315
0.14275115472575028
0.11501043871045112
0.1307640537371238
0.13054623894393444
0.13325290714701016
0.11561595325668653
0.1116313107808431
0.11203464359045029
0.11751500916977724
0.11088109570244949
0.11490727610886096
0.11545194951196512
0.11719297282397748
0.1671097413202127
0.17823571853339673
0.1667187587916851
0.11118364890416463
0.11710670548180739
0.11993396639823914
0.1275648593902588
0.1845433782041073
0.20341162423292797
0.1483221036195755
0.1305311877777179
0.10887197521825631
0.11343578803042571
0.1140105710675319
0.117340217679739
0.11343906573951244
0.11251654125750064
0.12214011944830418
0.11522576111058394
0.13022233461340268
0.1347899933407704
0.11318426251411438
0.12444828321536382
0.1260785037279129
0.11565838125844796
0.11291823322574297
0.1224238279958566
0.11894130433599154
0.12106585341195265
0.17646759447952112
0.12040672441323598
0.15751313045620918
0.13007193905611833
0.17628815571467082
0.14761960399647553
0.22844378943244617
0.4103589573750893
0.32674199213584265
0.12410948480168979
0.11683471562961738
0.15459005569418272
0.1288981058448553
0.12191819248100122
0.12569329634308815
0.17892891362309457
0.14707816968361537
0.13196387492120265
0.13317078756789366
0.11638533803323904
0.1466856133689483
0.11661936705311139
0.13544342398643494
0.19149036777516207
0.2529969494789839
0.20902707676092783
0.24613966840008894
0.12784779640535512
0.1097883266210556
0.2907281214247147
0.1153009348611037
0.13719666523238022
1.2268741026024024
0.1542637398590644
0.11397184265156587
0.12037566790978114
0.14558811508119107
0.12828326731920242
0.12152325466275216
0.13190420635044575
0.16762012779712676
0.1457881481697162
0.17888982084890206
0.11482536075015863
0.114091658766071
0.12731676836808523
0.11195173357923825
0.11428305963675181
0.12536795375247797
0.11716700233519077
0.13848854829867682
0.1135405471920967
0.12657851554453373
0.12109439273675283
0.12219933234155178
0.10834004906316598
0.1256169887383779
0.11373051881790161
0.12177178956568241
0.1818257063627243
0.11746388554573059
0.11788237176835537
0.12007286640504997
0.1337838738411665
0.1114738455414772
0.11621709744135539
0.1142987759411335
0.12418943290909132
0.20867153706649938
0.1918277238557736
0.2561059783399105
0.1224452011535565
0.12331899819274743
0.12961730728546778
0.14502152728537718
0.13502701515952745
0.11630557196835677
0.12545343761642774
0.117578595901529
0.12144322998821735
0.1240273795525233
0.15137238547205925
0.28246260012189545
0.14485920610527198
0.12172838029762109
0.10995127434531847
0.2645863251388073
0.25099043533205984
0.12072389210263888
0.1418760905911525
0.14053951961298783
0.14885448689262074
0.1394991092880567
0.12201818858583768
0.11541546282668909
0.13241959733267625
0.1109065210322539
0.1100482277572155
0.15387470945715903
0.11144064744313557
0.15855562870701154
0.1432568855335315
0.11444076905647914
0.1132670379926761
0.11876075481375059
0.1358434774974982
0.11964965539673965
0.11187957095603149
0.1204345074792703
0.12443779637416204
0.14416482505699
0.13288043667872748
0.24502592672904333
0.23311759834488233
0.12425441913306713
0.1239458342641592
0.1705369517703851
0.13622323373953502
0.1350010490665833
0.11647855686644713
0.12784878216683865
0.12355988770723343
0.12861223034560681
0.1167292620241642
0.12580899792412917
0.11451241244872411
0.11226510974268118
0.11266435210903486
0.11649473607540131
0.1192216860751311
0.1271428828438123
0.12714977890253068
0.10862046199540297
0.11118053721884887
0.11525539889931678
0.12469102196395397
0.13299481868743895
0.13222587431470553
0.1397629019866387
0.159132496068875
0.14810011558234693
0.11805691267053287
0.13633912295103073
0.12595987481375534
0.1388241118689378
0.1608945506811142
0.2105459298938513
0.19537346710761389
0.1180693469196558
0.14212448241810005
0.1140019625176986
0.2780866428464651
0.12790391308565935
0.12399937026202679
0.18206883023182552
0.1339582347124815
0.11356611000994841
0.11477110562225183
0.11264427629609902
0.1354548422495524
0.13994428113102914
0.17249694695075354
0.1454400241623322
0.12329597579936187
0.13228380856414637
0.15115035191178322
0.11384710177779198
0.18048184762398403
0.1269103107849757
0.247112195789814
0.19610777075091998
0.22153411321341993
0.24981412520011267
0.24999000392854215
0.11244883025685946
0.12748905266324678
0.1186224610855182
0.11828594314555327
0.1214809983720382
0.12243095114827156
0.11207436415056388
0.1403014996399482
0.1404057948042949
0.11655854629973571
0.1211480272312959
0.12476233817636967
0.12195140779018403
0.13543687460323175
0.11338619612157345
0.14437810609738033
0.17403591034313043
0.1687031867603461
0.13779823725422224
0.13107813395559786
0.12871558556954066
0.11007700311640899
0.11188829712569713
0.12319179423153401
0.11857329671581586
0.17320244178175925
0.2056348424653212
0.11206277715663115
0.14863609112799167
0.13000869631767273
0.13322130675117175
0.13146533988416195
0.11197686078647773
0.13221336339910825
0.207623244424661
0.1285733909904957
0.1149816576888164
0.16525723425050576
0.11805590733885765
0.12921255071957907
0.15493523314595223
0.1348981285095215
0.11811436725159487
0.11232438611487548
0.11897140381236872
0.13259872585535049
0.11554051908353964
0.17445181908706825
0.120443136865894
0.32681542746722697
0.22231084711849688
0.1390125442047914
0.11354360987742741
0.14535092669228714
0.12027684951821963
0.15269638175765674
0.12787272127966087
0.13843076253930728
0.1177934943139553
0.19621432897945246
0.1598791070530812
0.13909682455162206
0.3754841587940852
0.30439941023786865
0.33774696742494903
0.2800619940211376
0.38655235220988593
0.695650293752551
0.5174303621550401
0.30006523728370665
0.3357503254959981
0.5320556933432817
0.4193309033662081
0.3530551872899135
0.3521146832406521
0.8965261513243119
0.9159138681739569
0.3603263781219721
0.8240683793773254
0.12642874620854855
0.1817750029762586
0.16306119963526725
0.12094078327218692
0.11114836446940898
0.11903892489771048
0.4847778972486655
0.11395940691232681
0.11350188963115215
0.14979612005253634
0.12531135119497777
0.14548879191279412
0.11145491130650044
0.14386041683455308
0.13274001898864904
0.13281052112579345
0.1123502221206824
0.1386054023851951
0.15144321834047636
0.14143096297979355
0.12144093031684558
0.1649125828097264
0.12271637377639612
0.11926770443717638
0.12395811453461647
0.12099724166095256
0.11614669434726238
0.12287118405103684
0.13933042697608472
0.16603432066738605
0.1305339870850245
0.12790605276823044
0.13631990852455297
0.11717249472935995
0.11628290077050527
0.11018245277305444
0.11020319697757562
0.109995182082057
0.1311234622448683
0.11163517745832602
0.11260446747144064
0.11132043428719043
0.11436198684076468
0.11189880850414435
0.11292318252225717
0.1112685602903366
0.11192539984981219
0.11327645532786847
0.11499014553924401
0.11538576545814673
0.11460632858177026
0.13513512596487998
0.11718882861236732
0.11341387612124285
0.11626481505731742
0.11332635218898456
0.11092088356614113
0.11895987475911776
0.11845861459771792
0.1300053785244624
0.16580771076182524
0.1210212313135465
0.11169500057895979
0.1139593156427145
0.2297370563199123
0.11107316049436729
0.12033407345414161
0.15781620529790719
0.12429643504321575
0.11336605166395505
0.11730724116166433
0.11449141850074132
0.11000504257778326
0.10943315292398136
0.12660010176400344
0.15930019453167915
0.10962506172557672
0.25868686790267625
0.12426586123804251
0.11037777073681354
0.1426796562721332
0.11812887042760849
0.11981522498031458
0.11716051156322162
0.12703811923662822
0.12584312215447427
0.11850414641201495
0.12894807214538256
0.1287783996760845
0.13050745986402035
0.13039072754482428
0.1420949140439431
0.12017265687386194
0.152402664249142
0.25974708194533985
0.18060866720974444
0.17087233692407608
0.1459352794289589
0.13545572457214197
0.18709504418075085
0.11303075559437276
0.11509296630819639
0.15552683527270952
0.11114674327274164
0.11581247473756472
0.1185290452092886
0.11800802615781625
0.11337717389067015
0.13198008974393208
0.11132177251080672
0.12202910507718721
0.14566523283720018
0.12808289396266143
0.12359124605854352
0.1481265945235888
0.1177111661185821
0.12556514456868173
0.15348436909417312
0.18067042738199235
0.12388195373117923
0.185362499554952
0.1250117598225673
0.12558229580521585
0.10824628685911497
0.11288395543893179
0.16611508540809156
0.10834923073649406
0.11481714511911074
0.1540965442111095
0.2044766876598199
0.13862136967480182
0.14285027551154295
0.12767883377770584
0.14825284106036027
0.11948919519782067
0.11585370448728402
0.119618731290102
0.12117933876812458
0.1281384350856145
0.11830990833540757
0.11982222206890583
0.11984246420363585
0.11652114694317182
0.11976584789653619
0.12058567595978578
0.11995473402241866
0.1199016189823548
0.11971231174965699
0.12053332231938839
0.12013104510804018
0.11772018204132716
0.14462189468244713
0.11220391613741716
0.13162599260608354
0.12451949226359527
0.10882789760828018
0.1307846646507581
0.12022570376594861
0.11410543873906136
0.30959352570275467
0.1326638364046812
0.132274445494016
0.13786844469606876
0.13529626451432705
0.11208725027740002
0.11378143730262916
0.12583943424125513
0.11384288663665454
0.10921728459497293
0.11281722731888294
0.11550909380118052
0.12462987105051676
0.11365371532738208
0.10981594848136107
0.12017416050036749
0.12884161276121933
0.11005159904559453
0.13620865918695926
0.11539323205749194
0.16035014150043328
0.1239648904154698
0.13656217627227307
0.14736809690793357
0.11571432138482729
0.13716403854389986
0.11298942789435387
0.11845520794391633
0.12938582385579744
0.22398775674402713
0.21923829421401023
0.22134015440940857
0.13332380677262942
0.14001884217063587
0.11776041927436988
0.1439449132978916
0.15847986857096355
0.17116132266819478
0.16220639844735463
0.14626282811164856
0.11558624148368836
0.10869366201261679
0.11715473502874374
0.17354659063120684
0.1465747075031201
0.13592380791902542
0.11184997404615084
0.11243626316388448
0.18071028182903925
0.13670790908237299
0.11294099529584249
0.1426641191293796
0.12380863246818384
0.1514524743705988
0.12124730179707209
0.19167577366034189
0.15001493252813816
0.12208095771571001
0.12223277320464453
0.13312782486279806
0.1085699921598037
0.11606554999947548
0.12545596346259116
0.11048566676676273
0.11792584965626399
0.11200067833065987
0.11290851704776288
0.11225746142367522
0.1126465756446123
0.12093218584855397
0.11909830989936987
0.12689551435410976
0.11929325461387634
0.1106078593681256
0.1455062764386336
0.14753344990313053
0.11255041010677815
0.1331675457706054
0.15702055235703785
0.13558151493469875
0.12573999779919784
0.11008174695074559
0.14183091156184674
0.17279897478719553
0.17916803881525994
0.11650110304355621
0.11809095640977224
0.1359500060727199
0.2870833733677864
0.16566708005964756
0.14205807715654373
0.11801991922159989
0.11233669127027193
0.11742874580125014
0.12586139276623726
0.13842531949281692
0.20520939866701762
0.21183617358406384
0.22921304792165756
0.22197595936556658
0.13175081079204878
0.11018200201292833
0.21759462041159472
0.1090871080259482
0.11054787176350753
0.10869086511433125
0.1281822819262743
0.11188284513851007
0.1276846802731355
0.12536919211347897
0.11676862155397733
0.1783354247113069
0.29108754408856236
0.316290987059474
0.31519076623022557
0.28961206145584584
0.22069675030807653
0.11770069991548857
0.13150297907491526
0.1357918490966161
0.1111448750893275
0.12999868820110957
0.13247165287534396
0.13348088612159092
0.1347166266789039
0.11137428276240825
0.11366094157099724
0.11150461715956529
0.1164552324016889
0.1251571414122979
0.11216312276820342
0.13336678482592107
0.13364556722342968
0.12551474295556544
0.12683044609924157
0.12247467624644438
0.11662712705632051
0.12638692781329156
0.12427461097637812
0.1300866863379876
0.13204955411454042
0.12742503446837267
0.11632421138385932
0.11072643583019574
0.14069372075299422
0.1153291795651118
0.12293775610625744
0.13514971412718296
0.17287658259272576
0.16620371624827385
0.18259792710343997
0.13398789197206498
0.11703459203243255
0.11035894684493541
0.11544180996716022
0.1719141469647487
0.16443516294161478
1.1504120468348265
0.12003127624591192
0.12449777615567048
0.13987990520894528
0.14775863769153755
0.15707029146452745
0.11207797343532244
0.14078895387550194
0.16369491142531237
0.2936654727657636
0.18350939460098745
0.17951986849308013
0.15315506912767887
0.12388864343365033
0.11542367150386175
0.11245281534890333
0.24412955219546953
0.16370455322166283
0.1504634148379167
0.1592214627067248
0.16285653648277124
0.1554975833495458
0.170060109992822
0.11273252541820208
0.2205754560480515
0.13514731598397095
0.11388755997021993
0.1547314282009999
0.21963785116871198
0.1384172917654117
0.15076834661265215
0.12219293966889382
0.13918083714942137
0.27572141754130525
0.13811305806040763
0.12539032419522603
0.4289341665307681
0.2618378701557716
0.2998068278282881
0.11226409984131654
0.13133310375114282
0.11912494155267875
0.13750409707427025
0.16819325889150302
0.12099692508578301
0.2200332326690356
0.1316667618105809
0.3779412600398064
0.1418552344540755
0.11243030885855357
0.12401438963909944
0.11099749393761157
0.14661750259498754
0.1212617497642835
0.11262059353291988
0.16669141791760922
0.1100740118821462
0.3467425877600908
0.2792689270277818
0.24889479592442512
0.36114419681330523
0.28659751651187737
0.2592598498612642
0.4041573280096054
0.3555071756740411
0.49045982892314594
0.111156792268157
0.12525438259045282
0.11840651035308838
0.13063293032348156
0.13308664945264656
0.23887899413704872
0.15646508552134036
0.12513711673518021
0.1594445879260699
0.14312358736991881
0.29932782565553984
0.20551777149240175
0.22605404722193878
0.12998529702425002
0.278926867172122
0.13667294020454088
0.22709836959838867
0.15852394081652166
0.3941782311350107
0.10901967329283556
0.157318369820714
0.1148662282526493
0.10914752828578154
0.20929968520998954
0.13069039106369018
0.11410899683833123
0.11503323088089625
0.11496738841136296
0.11364069911340872
0.14112959111730258
0.12216260954737664
0.10906635043521722
0.1448736396431923
0.1254269295434157
0.15573302994171778
0.13445188422997792
0.12580576156576476
0.13101311559478443
0.12212170340120793
0.15625279615322749
0.1391731129089991
0.18206628121435642
0.12091589644551277
0.11962748830517134
0.12676851876080036
0.13868354705472788
0.12933310717344285
0.13027383700013162
0.12760415834685165
0.12339620463550091
0.14183786595861117
0.1540513921280702
0.11465656553705533
0.15637650020420552
0.11001296132802964
0.11837420505781969
0.13745888272921244
0.13483820766210555
0.12045831426978111
0.11201377034187317
0.16698058982690175
0.4867806116491556
0.1449678768714269
0.1300418475518624
0.13557247526943683
0.13745893714328608
0.16618326644102732
0.11771095111966133
0.18802729313572247
0.19498265179495017
0.16116491116583348
0.1382871046413978
0.13869748455782732
0.12477570471664269
0.12246363267302512
0.12106062029798825
0.15329189916451771
0.11726195914049943
0.1359329495082299
0.1274083824704091
0.13125966655711332
0.12940204210579395
0.13143236423532167
0.13660462727149328
0.132980899438262
0.13802608219285806
0.12969664985934892
0.1786058013389508
0.1281601848701636
0.13001046299934388
0.16752872591217358
0.10779582239687442
0.10846999493738016
0.10811163085202376
0.10969246774911881
0.10969682599107425
0.10988233278195063
0.11210165791213512
0.1097659001747767
0.11476599981387456
0.1153058636188507
0.1660890188564857
0.15775077871978282
0.11806985614200433
0.21043577859799067
0.11174437301854293
0.15985815887649854
0.14215230877200763
0.12861062787473201
0.11864785609145959
0.12817799672484398
0.13049860561887422
0.14920339606702326
0.1251265187561512
0.10849616172413032
0.1503405551115672
0.11134374894201755
0.21760005412002403
0.1459567599495252
0.19448468876381717
0.12367568862934908
0.11957526663939158
0.27623631494740647
0.1159316151837508
0.11135343154271443
0.2483846607307593
0.11770368640621504
0.10986400571962197
0.14294646620750429
0.1228688269853592
0.12522249966859816
0.11794093432525794
0.1123743895937999
0.13962042696774005
0.11677973372240862
0.12131620754798253
0.1098232531050841
0.1131108208745718
0.10916342360277971
0.10954238414764404
0.114776185353597
0.14226950225730736
0.11535750264922778
0.1168503243724505
0.1167357477794091
0.11613543324172497
0.11626960220436255
0.11650183205803236
0.11609060111145178
0.11717175776759783
0.11791811513404052
0.11670510073502859
0.1168637548883756
0.12281309554974239
0.12488364746173222
0.12332269427676995
0.11743324083586534
0.11066387563943864
0.14620569149653118
0.27867018709580105
0.21330392343302568
0.11158237459758917
0.3026566686977943
0.16346052984396617
0.22542724758386612
0.13784206432600815
0.23224763962129752
0.14028401518861452
0.1640119875470797
0.11864127809802691
0.16764410316944123
0.23367788471281528
0.14172996945679187
0.15847421819965044
0.1778089995930592
0.2306295088181893
0.37192838137348494
0.1427879747003317
0.1751073663433393
0.2678737743447224
0.11384837033847968
0.14597717287639778
0.13723032417396705
0.11038865941266218
0.2691021119554838
0.15470126035312812
0.47091237698992094
0.20642805216213067
0.17602595135569574
0.11051143907010555
0.1198974463591973
0.21357283559938273
0.11676256033281485
0.26405224529405436
0.1236260710656643
0.12760195583105088
0.1353187403579553
0.15062574150661628
0.11200600082675616
0.11316462961335977
0.14305376062790554
0.14253534431258838
0.11559186990062396
0.11807956919074059
0.11814113351205985
0.11693998850882054
0.27006732327242694
0.24340119883418082
0.13282183654606342
0.1215463597079118
0.13095623773833115
0.11129346792896588
0.14464207902550696
0.15672774352133273
0.14467508278787136
0.11740663851300875
0.11238209779063861
0.11826151135067145
0.11705232582986355
0.11672383144497872
0.12167887282868227
0.18901656505962214
0.14095898610850174
0.18817176898320517
0.2796060910075903
0.35088069245219233
0.36373627414306003
0.36869655437767507
0.27639875528713065
0.42170264991621176
0.3667406093577544
0.41969754261275133
0.2752492643147707
0.30726722997923694
0.30875579357147215
0.30619152041773
0.36581963633497555
0.4082824821521838
0.12718342791001003
0.1229378126313289
0.1167201342433691
0.1341432381172975
0.20039654925465583
0.14626141287386418
0.2662847702453534
0.2234340297182401
0.2858697284509738
0.320656713694334
0.11664864202340444
0.11663263723254204
0.12535359678169092
0.2782946195453405
0.12332935661077499
0.13320167074600855
0.17014765399197737
0.14369197686513266
0.1388096136103074
0.13662999093532563
0.13658173248171807
0.30967764178911844
0.15681730019549528
0.17270157476266226
0.12266045823693275
0.11892066163321337
0.3536210767676433
0.1487454781681299
0.15700555957853793
0.10785626384119193
0.11720848006506761
0.13556201425691447
0.1333497343957424
0.13364578853050868
0.19627824587126572
0.12312341337402662
0.11054142020642757
0.10879620601733525
0.1419014267375072
0.11582064355413119
0.26635671600699423
0.11893757450083892
0.125214166517059
0.135999975502491
0.21762711924811204
0.2711887528250615
0.1468367716173331
0.19157648508747419
0.1400926477710406
0.15788808743158977
0.1141595192005237
0.11632287313540776
0.13624815203249455
0.11257848014434178
0.13641459887226423
0.10809145654241244
0.15108863649268944
0.11423082853356997
0.13998736165463924
0.12727894075214863
0.2207807617634535
0.23054270260035992
0.15501439914107323
0.15499332065383592
0.1565038560082515
0.11553713746368885
0.3817737153172493
0.20291824385523796
0.201261466567715
0.26513402978579204
0.1135912935435772
0.16543522156774998
0.11771986770133178
0.15036048069596292
0.17226940087974071
0.2185980664441983
0.18857406767706075
0.11461904719471931
0.12248730830848217
0.11898928115765253
0.11830999918282031
0.11685275534788768
0.3505910851806402
0.2742909626414379
0.11896694526076317
0.11750865787267685
0.12912669921914735
0.11912189779182275
0.12774279579520226
0.1373446714381377
0.12567379102110862
0.15046193093061447
0.14294590530296167
0.11174674359460672
0.1362076260149479
0.1344944551338752
0.1557160307218631
0.15766975164413452
0.1749233971287807
0.175975085546573
0.1811646035561959
0.13656047840913138
0.11314978281656901
0.11308318540453911
0.1611839812497298
0.10807329835991064
0.20567902532716592
0.1359013111392657
0.11531933349867662
0.19938829876482486
0.14232223436236383
0.14138232946395873
0.12506676060458025
0.12634481887022656
0.22207484769324462
0.1310004925976197
0.10881522429486115
0.20014011730750403
0.12788425512611867
0.12215457491576671
0.13558584262927373
0.12030028777817885
0.1476604651659727
0.11112917152543862
0.1125180055697759
0.13028267515202363
0.12434165937205156
0.12196798113485177
0.17925420855482418
0.12794397853314876
0.1244313641389211
0.12093754219512144
0.1311724034200112
0.17854708939790725
0.12616217114031314
0.1375113825996717
0.13882083090643088
0.13309189327061177
0.22601055468122164
0.14474723100662232
0.17557617974778017
0.19482107602059842
0.14853530739744505
0.13061022813121478
0.1237988100697597
0.11344440507392088
0.15990308970212935
0.11336838600536188
0.1831129989027977
0.18500244234999022
0.1266205807030201
0.12699059816698233
0.12405963463087877
0.1284706365565459
0.16546691112220288
0.22210169084370135
0.4151780068377654
0.11541947190960249
0.11693538332978884
0.10987872046728929
0.11137709940473238
0.11750288558502991
0.11248390267292659
0.15234166219830514
0.19813794096310933
0.1076165280242761
0.10799641696115335
0.1224253087490797
0.11609661015371482
0.12739024922251702
0.1244135458022356
0.2482031437754631
0.13761640762289365
0.18442254605392616
0.1946415705482165
0.10855691137413184
0.11083737529814243
0.11379998380939166
0.12703460921843845
0.17699867303172748
0.11624462587138017
0.13600235427419344
0.12090502868096034
0.258359601298968
0.13584273658692836
0.14273186681171257
0.14292402230203152
0.1453909806162119
0.14201199596126873
0.14339951982100804
0.15693341692288718
0.14777499054869017
0.16519713565707206
0.172216294358174
0.12622098428507647
0.10946328736841679
0.1360970740020275
0.22948254878322283
0.16939748232563337
0.16712556935846806
0.18547608196735382
0.1371080775062243
0.11998220056295394
0.10882632101575533
0.13126415970424812
0.14044025654594103
0.12414246213932832
0.2015676816056172
0.2217384541531404
0.1464415824164947
0.12625042647123336
0.11201402900119622
0.15053563470641773
0.1474235307673613
0.2803280899176995
0.137916727339228
0.21523264745871226
0.16951274037361144
0.16876184162994226
0.17475246608257294
0.19558484834929307
0.14805384770035743
0.19864766605198383
0.5237140645831824
0.17976621148486932
0.24824382841587067
0.1197905349979798
0.1707209785034259
0.29984332414964837
0.13157825445135435
0.12498156063258647
0.12928768046200276
0.14253175005316734
0.14701858967542647
0.12503990396857262
0.1368325446297725
0.1128418109814326
0.11507803998887539
0.13073767381409804
0.1493943289667368
0.3609791477272908
0.1408177448809147
0.1582350801428159
0.11048837304115296
0.22215772124628225
0.13898395900925
0.15011835771302381
0.19544171487291653
0.17053424956897895
0.1155043113976717
0.1691494232416153
0.1373618127157291
0.35642395086586476
0.14065283365547657
0.11892477117478847
0.11378115129967531
0.1897275066624085
0.13928262042502562
0.13715690203011036
0.23713427426914374
0.14177408101658026
0.47765890950957934
0.1295522887259722
0.20283461071550846
0.2355649762849013
0.11727633304893971
0.11499221260348956
0.12490971830983956
0.1177266791711251
0.16307886950671674
0.13346895518402258
0.20214113898575306
0.1090340089549621
0.10839164065817992
0.10913472220301629
0.14755237432817617
0.11258958034217358
0.12023722539345423
0.11390876221160094
0.1611510068178177
0.14848165089885393
0.14771111063659192
0.14652300824721654
0.15552371822297573
0.17364203636844952
0.13245175736645856
0.1134523073832194
0.2139946573972702
0.18496264996627967
0.12094848478833835
0.10869645528495311
0.114391699458162
0.16155275863905746
0.11407926194369793
0.13122164065639177
0.1436759396394094
0.19401714846491813
0.1603101249039173
0.16954335066179435
0.11805439107120037
0.13636016656955083
0.1409999045729637
0.1819428344319264
0.22657021693885326
0.12162290846308073
0.1381275358547767
0.12763278596103192
0.21351181022822857
0.11713118987778823
0.1359426811337471
0.1321346020201842
0.12151497341692448
0.13155542835593223
0.12398253758748372
0.14096339230736096
0.2019100819528103
0.14256785169243813
0.16532572738826276
0.12182742565870285
0.12256260767579079
0.18349179141223432
0.1778690166771412
0.12361041871209939
0.12041282191872597
0.14499427318573
0.13823163685699305
0.12406842892368634
0.12416709614296755
0.13510543269415695
0.11585644282400608
0.12839065916836262
0.1352593942731619
0.14469614622493585
0.13512880481779577
0.1812014705191056
0.14254032452901205
0.12775747147699199
0.46970153324306013
