0.10804074893395106
0.15882670005162558
0.1613474645713965
0.17804271467030047
0.11383942944308122
0.12051543511450291
0.13827963513632616
0.17379566073417663
0.25371542913218337
0.20378342824677625
0.19312681498626869
0.11818720812598864
0.31926033476988475
0.11897358968853951
0.15537973505755265
0.11036178367833296
0.1090966576586167
0.17802694996198018
0.1549256312598785
0.11808275530735651
0.11760331250727177
0.14805208504199982
0.11101700231432915
0.1285193507373333
0.1756305136779944
0.1369743692378203
0.12773758461078008
0.1287362573047479
0.13020737580955027
0.17448643098274866
0.11383439819018046
0.14537732869386674
0.12690281408528487
0.20610759163896242
0.16210418120026587
0.1570094448576371
0.14991874935726324
0.11123243652284145
0.12603653671840825
0.12754738894601664
0.18399964429438115
0.12592900454998016
0.1507239081710577
0.11707167054216067
0.1261301861455043
0.14633791397015253
0.1114117386440436
0.11819260353843371
0.16217121886710326
0.1422778841604789
0.13549286616345246
0.12278812882800896
0.21005496755242348
0.12277626785139242
0.18100361997882525
0.11877432115375995
0.11097617362936338
0.1727177161971728
0.14224647698303064
0.14756675514082113
0.13596445808808008
0.15132994800806046
0.1345361073066791
0.13611829270919165
0.11161237455904484
0.12343094296753407
0.14865087911486627
0.19177330680191518
0.11236437425017357
0.11228517072896163
0.12061419360339641
0.11745855202277501
0.12731445886194706
0.13197594039142133
0.12171525828540325
0.11551468131442864
0.11384626942376296
0.12516659545401732
0.1795088116824627
0.11244692864517371
0.11371349891026815
0.11513037967185179
0.12767637309928734
0.12655274448295434
0.1251796778043111
0.10908460256954035
0.1090119260797898
0.11890836238861084
0.11690252559880415
0.14672438368201257
0.12142064881821474
0.10809567178289095
0.1264301818360885
0.11956432188550631
0.1352831746886174
0.138989916741848
0.10968823455274106
0.10864246351023515
0.1101912186294794
0.10925837273399035
0.10814827665686608
0.1272638041029374
0.1263252839446068
0.1157907318075498
0.14575723665455978
0.12689762701590857
0.11664815234641233
0.1248004495849212
0.11632384729882081
0.11201276697218418
0.5526254270474116
0.7255201223740975
0.13056409411132336
0.14972054168581964
0.14928106320401033
0.19316812733809152
0.11432080626487733
0.1766684075196584
0.13517108959456284
0.11661254545052846
0.1282338820397854
0.12368963363269965
0.1225557508567969
0.2501134069263935
0.14636960613230865
0.11830150413016478
0.11706699691712856
0.12335604471464952
0.1254739633202553
0.13899236870308718
0.12706596307456494
0.17272700573007266
0.14506561279296876
0.11106263148287931
0.14506366034348805
0.11515463506182035
0.12469340361654759
0.1104227323581775
0.12064489789307117
0.11876512435575326
0.11536765118439993
0.1214129950106144
0.12104098697503408
0.12435331255197525
0.12248826230565707
0.12483821049332619
0.1522488878419002
0.16145325876772404
0.11295440070331096
0.1207312572747469
0.20958081148564817
0.11573065963884195
0.11667161439855893
0.11378250539302825
0.11915613214174907
0.12985890723764895
0.15860326657692592
0.11195555739104748
0.12487678741415342
0.12632182863851388
0.11918795687456926
0.20196644683678944
0.20450716669360797
0.2732548745224873
0.2989328144490719
0.23515582310656707
0.1377806080877781
0.16050044894218446
0.10981195077300071
0.12008721649646759
0.15337721399962903
0.18895429303248723
0.11605945964654286
0.1270900572836399
0.1532222890108824
0.11349413501719634
0.11248981123169263
0.11353376418352128
0.12181365263958772
0.11088585729400317
0.12468497005601724
0.14808309597273667
0.18364260161916415
0.13070914812386036
0.11473774147530397
0.1203793421636025
0.19097337625920774
0.1493251346051693
0.12142463818192482
0.11181326635181904
0.11882006804148357
0.11232565206785997
0.1135228507220745
0.12055948761602243
0.12274830661714077
0.15286831063528855
0.1240528815984726
0.15853112493952115
0.13609728967150053
0.11249804916481176
0.10948426432907582
0.13347165207068126
0.12233698864777882
0.1622515108436346
0.12654346625010174
0.11747313606242339
0.14757099876801172
0.1204129126916329
0.12134799857934316
0.1254451089600722
0.12126792351404826
0.11487543446322282
0.175822351227204
0.1494296621531248
0.1529676494995753
0.1267139431089163
0.16958153759439787
0.15659570681552093
0.1343276168902715
0.11346744008362293
0.11718383034070333
0.11171924389898777
0.11022346310317516
0.1268599183112383
0.14760012847681842
0.1279702939093113
0.1277101119607687
0.1149115476757288
0.12431643192966779
0.12729608876009782
0.10974200730522474
0.11813890129327774
0.13703083669145902
0.14140220190087954
0.13770725923279922
0.1379155882447958
0.24364886278907458
0.1152201309800148
0.1692915477603674
0.11634895093739032
0.12256558321416378
0.11946612807611624
0.11793437664707501
0.11670910057922204
0.11072377078235149
0.11174325361847877
0.23244649122158687
0.14440074615180493
0.10928838873902956
0.12585924237966536
0.12726553569237392
0.11699108861386776
0.11929804424444834
0.1483845181266467
0.1405753169208765
0.14108357354998588
0.18677541332940262
0.12515385247766972
0.1481256834665934
0.14819670657316844
0.1572714810570081
0.14821165790160498
0.15624796907107036
0.11661565966904164
0.11581676063438257
0.10828240955869357
0.1254072501262029
0.10871039144694805
0.14688155298431715
0.14728835426270961
0.10849289218584697
0.12502238735556603
0.10869681785504023
0.11079170152544976
0.11272444317738216
0.11130622431635856
0.14475006667276225
0.1280199394126733
0.12004617777963479
0.11317182369530202
0.11584467932581902
0.11662120794256528
0.15785532653331757
0.12896473293503125
0.1540546441823244
0.17199944250285626
0.18796486243605615
0.18493982044359047
0.1437335971246163
0.12277641870081425
0.1652027814090252
0.10786144251624744
0.13528997987508773
0.12724707280596098
0.21788985453546048
0.15411975085735322
0.1309556968510151
0.1445819308857123
0.11748323972026507
0.1087418461839358
0.10817519252498944
0.13628447915116945
0.12888880377014478
0.11266812066237132
0.13587682656943798
0.13867357092599075
0.1326449588686228
0.11348000608384609
0.12958400418361027
0.12980521105229856
0.13395062536001207
0.11535867748161156
0.11134466357529163
0.11191141046583652
0.11591432253519694
0.11182545475661755
0.11486227062841256
0.11515166429181893
0.1174910282343626
0.1627601253738006
0.18877825471262136
0.17636327688892683
0.11125171080231666
0.11585390456020832
0.12132021230955918
0.13003714534143607
0.1851456861694654
0.22477770604193212
0.1507419842729966
0.12633628435432911
0.11010506436228752
0.12130653580029806
0.11381755011777082
0.11781182579696178
0.11305855738619963
0.11120931463936964
0.12232009917497635
0.11742655575275421
0.13577126396199068
0.12785770008961359
0.11205680951476098
0.12676229139169057
0.12290179419020812
0.11503060353298981
0.11293388237555822
0.12597846776247024
0.11676510974764824
0.1191533834238847
0.17226460258165996
0.12476187733312448
0.15097011014819145
0.12859779772659144
0.19843812371293704
0.14516979532937208
0.20972633257508277
0.21942485213279725
0.3262917205442985
0.12262698831657569
0.1179338143269221
0.14666025129457314
0.1326845227678617
0.127010388225317
0.12258521544436614
0.18449997338155905
0.15108633026480675
0.13184277770419917
0.1331161418557167
0.11684906614323456
0.14533754544953506
0.11531442667047183
0.13860377974808216
0.18912215471267702
0.2768125088264545
0.21784309955934683
0.22169440855582556
0.12424058849612872
0.10926893631617228
0.27947351736327014
0.11504477019111316
0.12989128895103932
0.887039781709512
0.15002119126419225
0.113852645556132
0.11987426559130351
0.14659088835120201
0.1296486165871223
0.12303013694783052
0.1327511373658975
0.1472333932419618
0.14205886917809646
0.17785146283606687
0.11334021856387456
0.11401144273579121
0.13009528356293837
0.11098556568225225
0.11317514759798844
0.12368582074840863
0.12066967157026132
0.1409767000377178
0.11455848656594753
0.12799276905755202
0.12114042736589908
0.1195000359416008
0.10836976443727811
0.12639517724514007
0.11382414837678273
0.12404040910303593
0.1851273222019275
0.1152481163541476
0.1181820185482502
0.11932984997828801
0.13189759604632856
0.11082339299221834
0.11844228297472
0.11423463759322962
0.12533046618103982
0.2185028121372064
0.18868511910239855
0.2976379286001126
0.12399861216545105
0.12557796895503998
0.12588763902584713
0.15108720565835634
0.1386748888840278
0.11508240059018135
0.1249728020777305
0.11799563104907672
0.12063662444551786
0.13072111628949643
0.1503267154097557
0.2516697973261277
0.14858582047124705
0.12196182218690713
0.11123667972783248
0.3109859384596348
0.2823434920112292
0.11964979613820712
0.14417920917272567
0.14871681752304236
0.15890281724433103
0.13810661147038142
0.1312675194442272
0.11575161928931872
0.13503128953278065
0.11145907397071521
0.1102339277168115
0.13850004971027374
0.11070923050244649
0.15033931871255238
0.14938551584879559
0.11431472303966682
0.11302068660656611
0.11866225677231948
0.15883910144368807
0.1276455034563939
0.11159057028591633
0.11726017388204733
0.12369761437177658
0.14291643942395846
0.1285423501332601
0.2074114744613568
0.24605723614494004
0.12256422539552053
0.11980773376921813
0.17219755883018176
0.13363405250012875
0.13261658410231272
0.1151446472108364
0.12698258062203724
0.12534774194161097
0.12570122939844927
0.11739224729438623
0.1266719615459442
0.11168915323913098
0.11315161486466725
0.11320881103475888
0.11994776415328184
0.11669086925685405
0.12944621793925762
0.12708764411509038
0.108571662530303
0.11033791278799375
0.11470103204250336
0.1248960333565871
0.13369011059403418
0.13615496523678303
0.14140278736750284
0.17035607911646367
0.1524360933403174
0.12179643693069617
0.1359244808803002
0.1226324944694837
0.14459722265601158
0.16701140537858009
0.23088506204386552
0.21252391380568345
0.12457481575508912
0.12347837435702483
0.11359104730188846
0.3221404432505369
0.12391818429032962
0.11857558973133564
0.22120950795710087
0.14010532210270563
0.13343820199370385
0.11306385219097137
0.11182985045015811
0.13476929530501366
0.14191440356274446
0.16940473929047584
0.15274748841921487
0.1267627278715372
0.1303221661845843
0.15682115659117699
0.11162622297803561
0.18695192928115525
0.1263353255391121
0.19342849557598432
0.20303888889650504
0.21869816876947878
0.17349098987877368
0.25036960798005264
0.11115177820126215
0.12535052945216496
0.11786413975059987
0.11783497005701066
0.12257213778793812
0.11250248603522778
0.11363885333140691
0.13042505614459515
0.14424663044512273
0.1198852826654911
0.12300548767050107
0.12463235425452392
0.12402954402069251
0.1335682574659586
0.11420497621099154
0.1425665593892336
0.20021567766865095
0.19371773640314738
0.13513832814991475
0.1278806341687838
0.1259955843538046
0.11049906365573406
0.11086259307960669
0.12180963255465031
0.11862873258690039
0.16326939028998216
0.19391489773988724
0.11227598821123441
0.15085063740611077
0.12585959635674954
0.12745069163540998
0.12868597236772378
0.1126252310971419
0.13106314904987812
0.22871822151045004
0.12830833353102208
0.11466454051434993
0.16310607152680556
0.11768850733836492
0.12965206240614255
0.14993306574722132
0.13399136054019134
0.1168768063435952
0.11248711928725243
0.1169332064439853
0.11306669890880584
0.11602652651568254
0.19296051263809205
0.11744349176685015
0.2996550602465868
0.22020095919569332
0.13825163175662358
0.11179805502295494
0.14366905989746254
0.12628048752744991
0.14782681805392106
0.12562061483661333
0.13405786188940208
0.11599490019182364
0.22679062781234582
0.2085119616240263
0.14624556300540764
0.3582807346681754
0.2905445697158575
0.3497981268912554
0.2538755521674951
0.3444230506569147
0.7457725314299265
0.5117955702791611
0.27096904560923574
0.3323203246543805
0.49122101259728274
0.3661575073003769
0.3158112450192372
0.33022726980348427
0.939791401475668
1.0078435632338127
0.3450828842073679
0.8859719006717205
0.12634613896409672
0.1811949805667003
0.16025268455346425
0.12235926429430644
0.10932448570926984
0.11810794442892075
0.779837634190917
0.11216273193558057
0.11392320573329925
0.14845698284606137
0.1145770570387443
0.13031459850569566
0.11141778508822123
0.14836558823784193
0.13429980518917242
0.13787163205444813
0.11207546100020409
0.14083851476510365
0.14761947294076283
0.13901152002314726
0.11850952990353107
0.15434206960101923
0.12377196446061134
0.11732363231480121
0.12596992609401544
0.11908810935914517
0.11565447842081387
0.11944015781084696
0.14560196921229362
0.1622046900788943
0.14192361076672871
0.12710645822187264
0.13102993577718736
0.11761378494401772
0.1158491572489341
0.11079909178117911
0.1098901940882206
0.11068463864425818
0.11473027884960174
0.11259237736463547
0.11311111184457938
0.11201434229811033
0.11456678261359533
0.11246933666368325
0.11365291811525821
0.11172868651648363
0.11275277311603228
0.11380586509903272
0.11442106356223425
0.11552262268960475
0.11407048878570397
0.11465891748666764
0.11537275890509288
0.1137745528916518
0.1168560154736042
0.11281635863085587
0.11080136140187581
0.11888285361230373
0.11647236240406832
0.13105133667588234
0.1729452120512724
0.12079580460985502
0.11073862699170907
0.11502376889189084
0.23887784779071808
0.11142390894393127
0.1179870614906152
0.14725143757959208
0.122042470946908
0.11164970311025778
0.11403656837840875
0.11370445139706135
0.10952214201291402
0.10947889705499013
0.12833717872699102
0.17339481907586257
0.10974723761280378
0.30271931586166223
0.11406888621548812
0.10977702356874942
0.15723134328921637
0.11824630543589593
0.11896405540406704
0.11684390679001808
0.1283649345735709
0.1257929602265358
0.11652676823238532
0.13089927189052106
0.12625344226757684
0.12695506749053795
0.12779891900718213
0.12700512111186982
0.11923715278506279
0.14790455954770246
0.20527204292515913
0.15110525362193583
0.1616801789899667
0.14257718838751315
0.14090165629982948
0.1927324376255274
0.11355538661281268
0.11559046223759652
0.1579025334616502
0.1116119632869959
0.11345740787684917
0.11868317792812984
0.11542231949667135
0.1125363085915645
0.13350003818670908
0.11208694403370222
0.12136085130274296
0.13580375211934248
0.12007653611401717
0.12170516255001228
0.155309943780303
0.11402187754710515
0.1263717086861531
0.156164372737209
0.179102960601449
0.12314432380100092
0.12558834140499434
0.12338675774633884
0.12568609068791073
0.10831983119249344
0.1133723691602548
0.158488347902894
0.1077806942164898
0.11515923957029979
0.21016363561153412
0.1985540755589803
0.13994552773733934
0.13599779084324837
0.13006980180740357
0.15100805011888346
0.1282584498822689
0.12407159383098285
0.11850263300041358
0.11784656884769598
0.12422722307344278
0.11679575833181541
0.11844894240299861
0.11847075363000234
0.11602481824656327
0.11841513931751252
0.11790209387739499
0.11773818681637446
0.11834510905047257
0.11838456037143866
0.11783206361035506
0.11783206361035506
0.11665969197948774
0.13623373741904896
0.11142965115606784
0.1346661179761092
0.12324056463936965
0.10891185750563939
0.11956421504418055
0.11695426305135091
0.11499908037483692
0.2643642030656338
0.12965991392731666
0.13490328269700208
0.1437990761299928
0.14117121390998363
0.11211611578861873
0.11268075595299402
0.12551401004195215
0.1131886326521635
0.1100324666996797
0.11281022782127062
0.11613155379891396
0.12534225570658844
0.11362550400197506
0.11056093995769818
0.12076059319078922
0.12998065029581388
0.11009324163198471
0.1342919402817885
0.11529036536812783
0.1489539410173893
0.12468464327355226
0.14239901115496953
0.1514413628478845
0.11451901686688264
0.13534340200324854
0.1119762122631073
0.11509143511454265
0.1311036764830351
0.2348360019425551
0.22574119575321674
0.19837880810101827
0.1345404689759016
0.13860751889646053
0.11815085309247175
0.1369978032509486
0.166325591057539
0.17911731652915477
0.16100602676471074
0.14235096054772536
0.11356327975789705
0.1086113040149212
0.11640230983495713
0.18518547149995962
0.15206174969673156
0.1566636694719394
0.11163181049128373
0.11089866938690345
0.20923948225875696
0.13390120021998883
0.11257309136291345
0.1361960317691167
0.12595664642751217
0.14764504129687944
0.1263736551006635
0.21351636153956255
0.15008462056517602
0.12085260858138402
0.12273081873854001
0.1318541286389033
0.10886030313869317
0.11580417973299821
0.1265691248824199
0.11118871522446473
0.11241489691038926
0.11245102204382419
0.11215624429285526
0.11165922790765763
0.11253982131679853
0.12025892374416193
0.11861598201096057
0.12451055482029914
0.12402469562987486
0.11104120214780172
0.14798198158542314
0.13533833421766758
0.1123245882242918
0.13432047074039777
0.1585457696268956
0.13640971561272938
0.12637497864663602
0.11041158472498258
0.1425909164796273
0.16675628873209158
0.17989484652876853
0.11515498253206412
0.11808707696696122
0.1350072274605433
0.3321399845182896
0.19343025490641594
0.14614713174601396
0.11746365875005722
0.11238886368771395
0.11561595007777214
0.12388289923469226
0.13892290987074374
0.19058317981660367
0.21720132634043693
0.21546906734506288
0.23562214066584905
0.1286374876399835
0.11033481113612652
0.25262975504000984
0.10948181512455145
0.11063063986599446
0.10929648121198018
0.12430956713855267
0.11203387630482514
0.12539995074272156
0.1295164750268062
0.11632351492842039
0.1666978589942058
0.27988278607527417
0.2956284144272407
0.29733604229986665
0.2507944518327713
0.2178557559599479
0.11646552940209706
0.1318092737843593
0.12799518706897894
0.11078438393771649
0.12556471462051075
0.13182995478312173
0.1333071107417345
0.133238368332386
0.1117373338341713
0.11410869556168715
0.11113639799257119
0.11534855164587497
0.12673648878931998
0.11225821966926257
0.13715692222118378
0.1365400716414054
0.12551548215250175
0.1346064228316148
0.12207605997721355
0.11571646610895793
0.12741592474281788
0.12461701646447182
0.12544410047431787
0.12737955388923486
0.12674357814093432
0.11574950608114401
0.11045875430107116
0.1420753963291645
0.11540131921569506
0.1277760968108972
0.13387847547729811
0.1557708370188872
0.16558864074448745
0.20826052265862624
0.12881825943787892
0.11603084971507391
0.11013249181210995
0.11527962595224381
0.19244242126743
0.16570597069958845
1.0090747886647782
0.11988438246150812
0.12442403147617975
0.14259535146256289
0.14189318398634593
0.15896452416976292
0.11223956130445004
0.13765273759762445
0.15793735064566136
0.3061779463291168
0.16173980228602886
0.16192861646413803
0.16156204188863435
0.1256673827022314
0.11524190589785575
0.11089915099243323
0.1874670780946811
0.1439229142665863
0.14876539838810762
0.15843365721404554
0.15796165463825068
0.16105015228192013
0.16950456626713276
0.11120834194123745
0.23413251521686712
0.12164455371598402
0.11412115894258022
0.14892891330023605
0.19403574407100677
0.13496120177209378
0.1620147590090831
0.12298797130584717
0.13682379660507044
0.2852897321432829
0.14304938293993474
0.1259131536881129
0.4126734251777331
0.2312314048409462
0.27530873571832976
0.11094395836194357
0.12139187139769395
0.1190942840029796
0.12718855338792007
0.19877064354717733
0.11991391062736512
0.2175614269077778
0.12359040719767411
0.3311620629330476
0.13892457062999408
0.11290146710971992
0.12569616538782916
0.11094540484249592
0.14590309898058573
0.1224478871623675
0.11210814056297143
0.1939895971119404
0.11000445388257503
0.39029271612564725
0.2888165337095658
0.2764539698511362
0.31357142167786756
0.31461191351215045
0.27840312940378986
0.3838988458613555
0.3780001724759738
0.44724039152264594
0.11131753042340278
0.12756062686443329
0.1167074026664098
0.12917160794138907
0.13294198776284855
0.2459709888448318
0.15197442283233006
0.12488916702568531
0.1580646169433991
0.14396050959825515
0.27632480387886366
0.19611945214370888
0.2444408438851436
0.1389601352562507
0.29861234486103055
0.1331173296024402
0.21596232215563457
0.15569627970457078
0.386579345886906
0.1096030820409457
0.14735568096240362
0.11379264483849208
0.10924164007107416
0.2181654943774144
0.12969361300269763
0.11220652873317401
0.11390704738597075
0.11494297022620836
0.1121358245362838
0.168413418084383
0.12394478524724642
0.10905138129989306
0.14232213482260703
0.12780846595764161
0.15858999008933702
0.13352668965856235
0.12218784945706526
0.1306398427983125
0.11825005563596884
0.16756806043287117
0.12308243498206138
0.19872286113599935
0.12103015961746375
0.11713577439387639
0.12672986959417662
0.1516947980473439
0.12895586721599103
0.1313665120800336
0.12223939026395479
0.12323455611864725
0.13504043576618036
0.14059905131657918
0.11383517709871133
0.15997204420467218
0.10953774566451709
0.1209840460618337
0.130596258242925
0.15343026958405973
0.1217219311495622
0.11372654542326927
0.15636435260375342
0.4341538160791
0.17750209882855417
0.12854590967297555
0.15966696575284003
0.1310336427887281
0.16431279982129732
0.11775647493700186
0.19869463031490645
0.16386346079409123
0.15842502765357494
0.13622458842893442
0.13622770108282567
0.1202145151545604
0.12311708365877469
0.11977940576771895
0.1490732651948929
0.11711470646162828
0.14115378357470035
0.1242566687365373
0.12700198208292326
0.1280844685435295
0.14537088190515837
0.14028996946911018
0.13384178596238294
0.13205283887684346
0.12637632610897223
0.1862210481365522
0.12831257263819376
0.12429273592929045
0.18228179057439167
0.10822435855865478
0.1087480001648267
0.10830388394494851
0.11055769830942154
0.11051383259395758
0.11028928235173226
0.11248966018358866
0.10984174743294715
0.11426098036269347
0.11410732381045818
0.15609102785587312
0.1532151931275924
0.11412300628920397
0.19697208426892757
0.11199153631925583
0.14867343020935853
0.1435491492599249
0.1286283282438914
0.11601295108596484
0.12106674939393997
0.12275224188963572
0.15853031600515047
0.12517089806497098
0.10803098124762377
0.15193126718203226
0.1109314626455307
0.2778459847221772
0.14311819170912107
0.1984737803786993
0.1276225942124923
0.11870804866154988
0.28600762248039246
0.11512247902651628
0.11181027375161648
0.24435629370311895
0.1187609826028347
0.11058662061889966
0.14334533289074897
0.1209736696879069
0.12786732286214827
0.11841141670942307
0.11276327915489674
0.13723837099969388
0.11681127496063709
0.11538934133946896
0.10934235791365306
0.11279342291255792
0.10958792241911093
0.11282091096043587
0.11230554774403573
0.13346806168556213
0.11017583770056566
0.1114740830163161
0.11299836685260137
0.11128499048451583
0.11227965300281842
0.11195442413290342
0.11080373751620452
0.11074790636698405
0.11380466791490713
0.1106806829571724
0.11206287086009979
0.11618618848423164
0.11639419890940189
0.12377043426036835
0.11659423803289731
0.11043260008096695
0.16128873979051908
0.3011573241154353
0.15709504703680674
0.11194459453225136
0.3121746314813693
0.1570874500523011
0.22962396524846554
0.1343377053240935
0.28354035230974356
0.13722484543919564
0.16439895927906037
0.11695486083626747
0.17075516596436502
0.22183487358192602
0.145484410499533
0.15352899757524333
0.18195340330402057
0.2396182701488336
0.3494571171700954
0.14622092433273792
0.16814922124147416
0.23176053745051226
0.11344752932588259
0.1525645506878694
0.1360915343215068
0.11182321247955164
0.2758712063978116
0.15779296338558196
0.42771563209593294
0.19197535773118338
0.16406207501888276
0.11037365006903807
0.11722271375358105
0.2285810898244381
0.11683221109211445
0.2987273791184028
0.1259632416566213
0.12711457806328932
0.13344603260358176
0.15389364746709663
0.11184811420738697
0.11402884356677533
0.13486480697989464
0.1511056929330031
0.1165081108858188
0.11887398540973663
0.12826437612374625
0.11663156253596146
0.3221477550516526
0.24444385352234047
0.13511183795829615
0.1202847303946813
0.1302891953289509
0.11095904576281707
0.1461555217206478
0.14952106234927973
0.13859689724942048
0.11599413027366003
0.11172871674100558
0.11754638495544592
0.11788162174324195
0.11771345406770706
0.12207142651081085
0.20117043234407903
0.14309456651409466
0.20972371503710746
0.2558052957057953
0.3573877792557081
0.32802797918518384
0.3662367740025123
0.2720437976966302
0.43706449851393697
0.3428654459863901
0.42898234724998474
0.2547255658606688
0.3102858457217614
0.2844024357696374
0.2950501648833354
0.36070710703730585
0.38351934735973675
0.13085656017065048
0.120163148244222
0.11734045840799809
0.1301194333533446
0.1782633877793948
0.1481189673145612
0.21161452780167261
0.20833605994780857
0.29142522903780144
0.3130929562697808
0.1173828066388766
0.11685988433659077
0.12505388354261715
0.26019856850306194
0.12339497196177641
0.1351605049520731
0.15941503199438253
0.14411099568009378
0.12301186588903268
0.11552880465984344
0.13577461627622445
0.2770154455552499
0.15090432638923326
0.18239144958555698
0.12180094440778097
0.11781402349472046
0.34311628746489686
0.1434264234205087
0.15560518244902294
0.1076549240698417
0.11812174312770367
0.13580799962083498
0.1310230674346288
0.13123760268092155
0.15910266910990079
0.12218591359754404
0.10979049421846866
0.10923316431542238
0.13955907680094243
0.11499333535631498
0.26670658235748607
0.11819557410975297
0.12473192157844702
0.13399524475137392
0.18034449892739454
0.27437426450351876
0.1443570612370968
0.18582817104955515
0.13643884154657523
0.15531274219353994
0.11383901981016
0.1201549260566632
0.1272108295559883
0.11157019928097725
0.13423429382344088
0.10837949417531491
0.14417259367803734
0.11403106388946374
0.14138297237455844
0.12885268745323022
0.22440909986694654
0.22543738601108393
0.13664939790964126
0.16218783487876257
0.16097161134084065
0.11505186734100183
0.2323734996964534
0.2031937042872111
0.20120841247340043
0.27547305564085645
0.11367965971430143
0.16511547533174356
0.12009529421726862
0.16441449833412966
0.18932700159649055
0.23808760099112988
0.1722775638103485
0.11513901889324188
0.12194286639491717
0.11843803870181242
0.11722479912141959
0.11679031319916248
0.3567205103238424
0.30487684048712255
0.12949568460385005
0.11579009719192981
0.13822269288202127
0.1199456233282884
0.12958268515765667
0.1399256131798029
0.12526117824018002
0.1487969885269801
0.14353157778580983
0.11234930790960788
0.1367841209967931
0.13163108410934607
0.15959992500642936
0.16360348130265873
0.16658945334454378
0.19197736397385598
0.19984660362203915
0.1332204738756021
0.11359941840171814
0.11306989630063374
0.17875645684699218
0.10814475658039252
0.1875353942066431
0.13347986057400704
0.11612994613746802
0.237178931782643
0.14902856449286142
0.13433924173315367
0.12890111515919367
0.13879543336729208
0.2500652896861235
0.1289523906260729
0.1085442221413056
0.19840959424773852
0.11888054805497328
0.12291289679706097
0.14291582430402439
0.12129367391268413
0.12587734336654346
0.11144731057186921
0.11279078669846059
0.11467870923380057
0.12581533186137675
0.12070078015327454
0.17972775049507617
0.12606280386447907
0.12110048164923985
0.12149237707257271
0.12356362923979759
0.17875429295003414
0.12710861357549827
0.13348974858721097
0.150317604119579
0.13591367090741793
0.23888139806687833
0.1444191779444615
0.2616424716512362
0.24940558972458043
0.1301729256659746
0.12899014281729856
0.12469226869444053
0.11204836624364058
0.15424480204780897
0.11343808218836784
0.20846639307836692
0.19611184323827427
0.12180299334228038
0.1289001622547706
0.1229876809567213
0.1271965609739224
0.16604937762022018
0.20585372361044088
0.3940378814190626
0.11180139258503914
0.11673465604583422
0.11108542193969091
0.1115009796867768
0.11728224153319995
0.11165338270366192
0.14483947545289994
0.19763308403392632
0.10791976434489091
0.10889932580292225
0.12360887221992016
0.11496144153177738
0.12993516656259696
0.12361543270448844
0.26585979158679646
0.13981906682252884
0.2096134809901317
0.20683919126788775
0.10859502499302229
0.11062470066050688
0.11325622841715813
0.12503101612130801
0.33553007391591866
0.11660215372840564
0.14958884462714195
0.12116778661807379
0.2793055160343647
0.12230094966789086
0.1207751898219188
0.12014846133689086
0.12434898798664411
0.12295787898202737
0.12280138542254766
0.13733354496459166
0.1254297394057115
0.14742326232294242
0.17467156370480855
0.12772141486406327
0.11058763682842254
0.13448336044947307
0.23253401361405848
0.17213575984040896
0.17447913005948068
0.18871790530780952
0.13363994787136713
0.12246364685396353
0.10874113373458386
0.13138231155773003
0.14287303326030573
0.12496045336127282
0.18611558015147844
0.19501981658240158
0.14763672317067783
0.12566480924685797
0.11112635602553686
0.15767735970517
0.14928071121374767
0.26237646219631033
0.13461285576224327
0.31700612934927147
0.17785317954917748
0.1672011052320401
0.17398461885750294
0.19646295306583245
0.14357952766120433
0.18894302832583587
0.6436151030908028
0.21027048101027807
0.250556977391243
0.11984958524505297
0.15595882455507915
0.2746380154540141
0.12822782913843792
0.12404819883406162
0.12814731776714325
0.1334006018191576
0.15001472468177476
0.1235901449372371
0.14098250863452752
0.11246771437426407
0.1156234934180975
0.13832340709865093
0.14826741799712181
0.33608930110931395
0.14000571516652902
0.1781493897239367
0.11057090508441131
0.20574252712229887
0.134901633883516
0.15488282608489196
0.20446636845668156
0.16065012022852898
0.11691141684850057
0.16714854282637437
0.15749808445572852
0.34457991915444536
0.1380507487555345
0.11870799198746682
0.1134435906757911
0.17599988748629888
0.1541572203487158
0.13485590090354282
0.24390538138647874
0.14025456979870796
0.42478168475131195
0.13091523801287017
0.19308537495632966
0.24662776626646518
0.11796234726905823
0.11609623792270819
0.12507496369381746
0.11668768599629402
0.16016727638741335
0.1375692935536305
0.2060164134701093
0.10906658696631591
0.10912930640081564
0.10909491943816343
0.15988566629588605
0.1108199193328619
0.12379600842793782
0.11271924880643686
0.15260884483655293
0.1381940150509278
0.1367132426549991
0.1555358028411865
0.16444737928609054
0.1776155753682057
0.13634221374988556
0.11211633607745171
0.21778790406882764
0.19837519166370232
0.12184909256796042
0.10794994982580344
0.1159800552080075
0.17542970312138398
0.11300827336808046
0.11400473448137442
0.1378145101418098
0.18114388500650724
0.16550217472016812
0.18982062590618928
0.12767746207614739
0.1319349490106106
0.13935798535744348
0.18676508958141008
0.2849521533151468
0.12100297391414643
0.13685834030310312
0.12062615886330605
0.21299708103140194
0.11696240181724231
0.13100386197368305
0.13196279851098855
0.11929313855866591
0.13026928894221781
0.12079531925419966
0.139441755587856
0.17816161843637626
0.13698932873706024
0.16653828330338002
0.11887157325943311
0.11847675487399101
0.18496645957231522
0.18330399540563425
0.1196775388220946
0.12103692355255286
0.14337202616035938
0.13322185223301253
0.12443154007196426
0.12938062409559886
0.14266402184963226
0.11693577917913596
0.12636340292791526
0.1340709858884414
0.1448123919715484
0.13586975614229838
0.18010713410874207
0.13335147035618622
0.12803194110592206
0.4195922816793124
