0.10223809676865736
0.10052140918870767
0.10370433824757735
0.10071481632689636
0.10160067498683929
0.10170333489775657
0.10203501793245474
0.10165587765475115
0.10027272877593835
0.10000000149011612
0.10028641606370609
0.19936064126590888
0.19867179135481516
0.10028422301014264
0.1003452395896117
0.10006060754259427
0.10073333484431107
0.10033333482841651
0.10000000149011612
0.1000833348184824
0.10000000149011612
0.10000000149011612
0.10025555707514286
0.10001938134431838
0.2000417419274648
0.10323052103320758
0.10043239821990331
0.10000000149011612
0.10221120841801166
0.10000000149011612
0.10010087870061397
0.10079166817168395
0.1974901592483123
0.10100400149822235
0.10028889040152232
0.10010714434087277
0.19769925949474176
0.10066666816671689
0.10060684733092785
0.10048333483437698
0.10070000151793163
0.10063257296880086
0.10201149575412273
0.10070660889148712
0.10000000149011612
0.10000000149011612
0.10013783934215705
0.10000450601180394
0.10064681445558867
0.19645933682719866
0.10024209673206011
0.19834524045387905
0.10000000149011612
0.10000000149011612
0.1007266229391098
0.10146180048584938
0.1002745113025109
0.19894738994538785
0.10057143007715542
0.19990324479838212
0.10003333484133084
0.10231111268202464
0.10197777934372425
0.10000000149011612
0.1004045886794726
0.10000000149011612
0.10000000149011612
0.10001754537224769
0.10018604802588622
0.10066666816671689
0.10035087871054808
0.10010087870061397
0.10086666819949945
0.10066666816671689
0.10183333483835061
0.1019418004900217
0.10232738251487414
0.10131428721050421
0.10033333482841651
0.10000858865678311
0.1997409306218227
0.10000000149011612
0.10011666816969712
0.10003333484133084
0.10086666819949945
0.10066666816671689
0.10116666818658511
0.10082738243043422
0.10010087870061397
0.10000658045212428
0.1004000015060107
0.10074192201097806
0.10033333482841651
0.10058333483835061
0.10075000151991845
0.10033333485325177
0.10075000151991845
0.10025000150005023
0.10000000149011612
0.19943418455620607
0.1969787103931109
0.19929937459528446
0.1000666681677103
0.10000000149011612
0.10096666815380255
0.19991950203975042
0.1000208348284165
0.10000000149011612
0.19970673357446989
0.10000000149011612
0.10022222372392814
0.10066666816671689
0.10000000149011612
0.10000000149011612
0.10000000149011612
0.10001938134431838
0.1003666682044665
0.10010087870061397
0.19763935871422292
0.10061818331480027
0.10003333484133084
0.10003792201479277
0.10003792201479277
0.10003792201479277
0.10043333485722541
0.10043333485722541
0.10112222378452619
0.10036666817963123
0.10010000151892504
0.1990341845403115
0.10367811888456345
0.1000833348184824
0.10295657883087794
0.10006060754259427
0.10149097035328547
0.10273024956385295
0.10000000149011612
0.10000000149011612
0.10000000149011612
0.10000000149011612
0.10000000149011612
0.1990019522855679
0.10013333482046922
0.20045723396042983
0.19944444738328457
0.10233333485821883
0.10184772595763207
0.10007815142472586
0.10000971021751563
0.100093940893809
0.10000000149011612
0.1000666681677103
0.10000000149011612
0.10010000151892504
0.100093940893809
0.10000000149011612
0.10125436251362165
0.10000000149011612
0.198039591362079
0.10122669706741969
0.10063977984090645
0.10063535501559576
0.10066868836681048
0.10066868836681048
0.1000666681677103
0.1000666681677103
0.10129629780848821
0.10000000149011612
0.10000647400816282
0.10033333482841651
0.10026666820049286
0.10063452531894047
0.10000000149011612
0.19730602535108724
0.10041481919586659
0.19989845658342043
0.1968554828564326
0.10000000149011612
0.19967092528939248
0.1996721927324931
0.10007702171802521
0.10009192198514938
0.10003333484133084
0.19966751786569753
0.10037500150501728
0.10444973707199097
0.19822222518424193
0.10000000149011612
0.10000000149011612
0.10000000149011612
0.10000000149011612
0.10093939545253913
0.10130829237401485
0.20062487050890923
0.10006055106719335
0.10191954175631206
0.10038554107149442
0.19722269202272097
0.10031666820247968
0.1991262945284446
0.10079906490941842
0.10469018079340459
0.1000666681677103
0.10000000149011612
0.10041190626720588
0.10044444593290489
0.10000000149011612
0.19900000296533107
0.10259259415169557
0.1994588561852773
0.19910622331003347
0.1004000015060107
0.10000000149011612
0.1000109905252854
0.10000000149011612
0.10440993582208952
0.10033333482841651
0.100737922017773
0.19836849823594094
0.19831584513187409
0.10100000150501728
0.10042564255495866
0.10044444593290489
0.10077777927120526
0.1004000015060107
0.10000000149011612
0.10000000149011612
0.10000000149011612
0.1000037893652916
0.10000000149011612
0.10000000149011612
0.10000000149011612
0.10033333482841651
0.19966854982078075
0.10000000149011612
0.10000000149011612
0.10033956535160542
0.10109230923155943
0.10031666815280914
0.19727857373654842
0.10055555706222852
0.10055555706222852
0.10192451131840546
0.10000000149011612
0.10000000149011612
0.10000000149011612
0.19933435574173927
0.10300522168477376
0.20051598345239957
0.10047639042139053
0.19949187743167082
0.10016649345556895
0.19722269204755624
0.1996574215342601
0.10000000149011612
0.10142222377161185
0.10076666819552581
0.10400420549015205
0.19953520951171716
0.19947103473047414
0.19760000293453533
0.10118148302038511
0.10365826490024725
0.10025287506481012
0.1005862084031105
0.1000833348184824
0.1973448306073745
0.19864305856327216
0.10151439261933168
0.10001756948729357
0.10000658045212428
0.19989064536988735
0.19722269202272097
0.10067066815992197
0.1003481525182724
0.1984344740708669
0.10025000147521496
0.10052381098270416
0.10000000149011612
0.10000000149011612
0.10000000149011612
0.10017045604685942
0.10016666817168395
0.10000000149011612
0.10000000149011612
0.10000000149011612
0.10000000149011612
0.1000109905252854
0.10035410277545452
0.10033333482841651
0.1994264922539393
0.1989230799426635
0.10281436746319135
0.19925641328096388
0.10102766275405883
0.199189746628205
0.10000000149011612
0.10000000149011612
0.10000000149011612
0.10063977984090645
0.10035714435080688
0.19932306880752246
0.10022222372392814
0.10000000149011612
0.1028888904551665
0.10034192199508349
0.10033792200187842
0.1006712553401788
0.10050458868344625
0.10018105926613013
0.10066666816671689
0.10000000149011612
0.10333490741749604
0.1983306920280059
0.10107808274527391
0.19892411187291145
0.19892411189774672
0.19892411187291145
0.20004869068662326
0.200337050507466
0.10066666816671689
0.10631108343601227
0.1042388183126847
0.10033333482841651
0.10036666817963123
0.10024209673206011
0.1004325729360183
0.10003333484133084
0.10003333484133084
0.1012112084031105
0.10106666818261147
0.10032493146757285
0.10034798262019952
0.10009230921665828
0.10116954172650973
0.10231608303884665
0.10000000149011612
0.10134259410202504
0.10033980734646321
0.10058333481351535
0.10066954173147678
0.1986018832027912
0.10050476344923179
0.1007441525409619
0.1012112084031105
0.1015925941367944
0.10248889038960139
0.10041081920266151
0.1004480276008447
0.1007142872363329
0.10066666816671689
0.19807850688695908
0.10000000149011612
0.1004000015060107
0.10000000149011612
0.199902724797527
0.10000000149011612
0.10431940354406834
0.10003431521356106
0.19925697488089403
0.10279729185005029
0.10149206504225732
0.10000000149011612
0.19932408819595973
0.10166666818161806
0.10233333485821883
0.10029430295030275
0.10411268522342046
0.10069339061776797
0.1006893906245629
0.1006893906245629
0.10069339061776797
0.1006893906245629
0.10069339061776797
0.1999295938014984
0.10067525533338388
0.10069339061776797
0.19893214682737986
0.19946146031220754
0.19963738625248273
0.10000000149011612
0.10000000149011612
0.10000000149011612
0.1000833348184824
0.10125555709004402
0.10076060757040978
0.10163751157621542
0.10000000149011612
0.1003481525182724
0.20022776546577611
0.10400458872318268
0.1993318407734235
0.19970673357446989
0.10033733484645685
0.10062500149011612
0.10032677049438159
0.1000666681677103
0.1983611788849036
0.10000000149011612
0.10000000149011612
0.10000000149011612
0.10033333482841651
0.10153333487610022
0.1990010349204143
0.2006734175980091
0.1999166696270307
0.10000400148332118
0.19866984429458778
0.1979825117935737
0.10031060752769311
0.10000458866357803
0.10191666816671689
0.1996544690678517
0.10013333484530448
0.100093940893809
0.10001756948729357
0.10042727423210938
0.10000658045212428
0.19926446077724297
0.19700980688134828
0.10073956536749999
0.1052153019607067
0.19834431851903597
0.1980019523203373
0.10148809673885505
0.19963257578512034
0.10033994220197201
0.10033333482841651
0.10075605730215709
0.1986283022413651
0.10058889041344325
0.10092222375174363
0.10079765230417252
0.10072222374379634
0.10025555707514286
0.10182828436295191
0.19875103493531546
0.10007495907445749
0.1017485328267018
0.10118149069448312
0.10088889040052891
0.10103792202969392
0.101033334856232
0.10058530827363332
0.1990341845403115
0.101033334856232
0.10298548301060995
0.1010045886784792
0.19834483062227568
